CELTA, Gris, 8000, 09/05/23
CELTA, Gris, 17000, 09/05/23
CELTA, Gris, 20000, 09/05/23
FORD, Gris, 10000, 09/05/23
Peugeot, Gris, 10000, 09/05/23
Peugeot, Gris, 10000, 09/05/23
Peugeot, Gris, 10000, 10/05/23
Peugeot, Gris, 10000, 10/05/23
Peugeot, Gris, 10000, 10/05/23
Peugeot, Gris, 10000, 10/05/23
Peugeot,Gris,10000,10/05/23
